10 0.00110723
15 0.00373689
20 0.00885782
25 0.0173004
30 0.0298951
35 0.0474724
40 0.0708626
45 0.100896
50 0.138403
55 0.184215
60 0.239161
65 0.304072
70 0.379779
75 0.467112
80 0.5669
85 0.679976
90 0.807169
95 0.949309
100 1.10723
105 1.28175
110 1.47372
115 1.68395
120 1.91329
125 2.16255
130 2.43258
135 2.72419
140 3.03823
145 3.37552
150 3.73689
155 4.12318
160 4.5352
165 4.9738
170 5.43981
175 5.93405
180 6.45735
185 7.01055
190 7.59447
195 8.20995
200 8.85782
205 9.5389
210 10.254
215 11.004
220 11.7898
225 12.612
230 13.4716
235 14.3695
240 15.3063
245 16.283
250 17.3004
255 18.3594
260 19.4606
265 20.6051
270 21.7936
275 23.0269
280 24.3059
285 25.6313
290 27.0042
295 28.4252
300 29.8951
305 31.4149
310 32.9854
315 34.6074
320 36.2816
325 38.009
330 39.7904
335 41.6266
340 43.5185
345 45.4668
350 47.4724
355 49.5361
360 51.6588
365 53.8413
370 56.0844
375 58.3889
380 60.7558
385 63.1857
390 65.6796
395 68.2383
400 70.8626
